GSX 0 1 2 3 4 5 6 7 8 False 92.06 11 12 13 14 15
ENPH 0 1 2 3 4 5 6 7 8 True 86.3 11 12 13 14 15
PFSI 0 1 2 3 4 5 6 7 8 True 49.3 11 12 13 14 15
ZM 0 1 2 3 4 5 6 7 8 True 43.9 11 12 13 14 15
DHT 0 1 2 3 4 5 6 7 8 False 9.77 11 12 13 14 15
NFLX 0 1 2 3 4 5 6 7 8 True 84.27 11 12 13 14 15
COUP 0 1 2 3 4 5 6 7 8 True 87.01 11 12 13 14 15
INSW 0 1 2 3 4 5 6 7 8 False 7.76 11 12 13 14 15
SSRM 0 1 2 3 4 5 6 7 8 True 79.07 11 12 13 14 15
DXCM 0 1 2 3 4 5 6 7 8 True 87.32 11 12 13 14 15
EURN 0 1 2 3 4 5 6 7 8 False 17.57 11 12 13 14 15
AMD 0 1 2 3 4 5 6 7 8 True 36.84 11 12 13 14 15
DRNA 0 1 2 3 4 5 6 7 8 True 79.52 11 12 13 14 15
FG 0 1 2 3 4 5 6 7 8 True 37.56 11 12 13 14 15
GNUS 0 1 2 3 4 5 6 7 8 True 59.58 11 12 13 14 15
NBIX 0 1 2 3 4 5 6 7 8 True 84.77 11 12 13 14 15
PJT 0 1 2 3 4 5 6 7 8 True 42.0 11 12 13 14 15
CPRX 0 1 2 3 4 5 6 7 8 False 57.14 11 12 13 14 15
EGO 0 1 2 3 4 5 6 7 8 True 49.74 11 12 13 14 15
GOLD 0 1 2 3 4 5 6 7 8 True 67.74 11 12 13 14 15
REGI 0 1 2 3 4 5 6 7 8 True 52.08 11 12 13 14 15
TNK 0 1 2 3 4 5 6 7 8 False 8.56 11 12 13 14 15
CSBR 0 1 2 3 4 5 6 7 8 True 88.19 11 12 13 14 15
PLMR 0 1 2 3 4 5 6 7 8 True 64.34 11 12 13 14 15
SEDG 0 1 2 3 4 5 6 7 8 True 64.56 11 12 13 14 15
AMRK 0 1 2 3 4 5 6 7 8 True 26.95 11 12 13 14 15
DT 0 1 2 3 4 5 6 7 8 True 77.14 11 12 13 14 15
LLNW 0 1 2 3 4 5 6 7 8 False 15.98 11 12 13 14 15
OESX 0 1 2 3 4 5 6 7 8 True 72.27 11 12 13 14 15
PTON 0 1 2 3 4 5 6 7 8 True 89.75 11 12 13 14 15
AIH 0 1 2 3 4 5 6 7 8 False 48.08 11 12 13 14 15
DSSI 0 1 2 3 4 5 6 7 8 False 9.23 11 12 13 14 15
VIRT 0 1 2 3 4 5 6 7 8 False 60.65 11 12 13 14 15
ACLS 0 1 2 3 4 5 6 7 8 True 70.92 11 12 13 14 15
BYND 0 1 2 3 4 5 6 7 8 True 82.13 11 12 13 14 15
CODX 0 1 2 3 4 5 6 7 8 True 74.73 11 12 13 14 15
EBS 0 1 2 3 4 5 6 7 8 True 76.58 11 12 13 14 15
ECOM 0 1 2 3 4 5 6 7 8 True 83.59 11 12 13 14 15
SAND 0 1 2 3 4 5 6 7 8 True 76.46 11 12 13 14 15
ZNGA 0 1 2 3 4 5 6 7 8 True 71.91 11 12 13 14 15
FRO 0 1 2 3 4 5 6 7 8 False 6.63 11 12 13 14 15
GDDY 0 1 2 3 4 5 6 7 8 True 88.24 11 12 13 14 15
SE 0 1 2 3 4 5 6 7 8 True 84.6 11 12 13 14 15
VRTX 0 1 2 3 4 5 6 7 8 True 82.16 11 12 13 14 15
AHCO 0 1 2 3 4 5 6 7 8 True 57.57 11 12 13 14 15
CLW 0 1 2 3 4 5 6 7 8 True 87.23 11 12 13 14 15
FNV 0 1 2 3 4 5 6 7 8 True 83.14 11 12 13 14 15
NEM 0 1 2 3 4 5 6 7 8 True 82.22 11 12 13 14 15
NVDA 0 1 2 3 4 5 6 7 8 True 81.57 11 12 13 14 15
OCUL 0 1 2 3 4 5 6 7 8 True 77.87 11 12 13 14 15
RDVT 0 1 2 3 4 5 6 7 8 False 67.13 11 12 13 14 15
UNFI 0 1 2 3 4 5 6 7 8 True 33.83 11 12 13 14 15
VXRT 0 1 2 3 4 5 6 7 8 True 8.49 11 12 13 14 15
WPM 0 1 2 3 4 5 6 7 8 True 88.07 11 12 13 14 15
CUE 0 1 2 3 4 5 6 7 8 True 72.78 11 12 13 14 15
DOCU 0 1 2 3 4 5 6 7 8 True 87.0 11 12 13 14 15
GSHD 0 1 2 3 4 5 6 7 8 True 86.37 11 12 13 14 15
PODD 0 1 2 3 4 5 6 7 8 False 77.15 11 12 13 14 15
PZZA 0 1 2 3 4 5 6 7 8 True 96.17 11 12 13 14 15
TTWO 0 1 2 3 4 5 6 7 8 True 82.14 11 12 13 14 15
AAXN 0 1 2 3 4 5 6 7 8 True 36.61 11 12 13 14 15
AEIS 0 1 2 3 4 5 6 7 8 True 82.0 11 12 13 14 15
ALNY 0 1 2 3 4 5 6 7 8 True 62.75 11 12 13 14 15
ARES 0 1 2 3 4 5 6 7 8 True 55.3 11 12 13 14 15
BEP 0 1 2 3 4 5 6 7 8 True 84.19 11 12 13 14 15
BL 0 1 2 3 4 5 6 7 8 True 84.57 11 12 13 14 15
CFFA 0 1 2 3 4 5 6 7 8 False 68.75 11 12 13 14 15
CRNC 0 1 2 3 4 5 6 7 8 True 55.82 11 12 13 14 15
EHTH 0 1 2 3 4 5 6 7 8 True 50.21 11 12 13 14 15
ETSY 0 1 2 3 4 5 6 7 8 True 88.92 11 12 13 14 15
IDCC 0 1 2 3 4 5 6 7 8 True 60.74 11 12 13 14 15
KL 0 1 2 3 4 5 6 7 8 True 70.43 11 12 13 14 15
SHOP 0 1 2 3 4 5 6 7 8 True 86.67 11 12 13 14 15
TBIO 0 1 2 3 4 5 6 7 8 True 69.52 11 12 13 14 15
XBIT 0 1 2 3 4 5 6 7 8 True 55.71 11 12 13 14 15
ALSK 0 1 2 3 4 5 6 7 8 True 79.23 11 12 13 14 15
BTG 0 1 2 3 4 5 6 7 8 True 81.04 11 12 13 14 15
CEVA 0 1 2 3 4 5 6 7 8 True 72.96 11 12 13 14 15
GO 0 1 2 3 4 5 6 7 8 True 77.51 11 12 13 14 15
IPHI 0 1 2 3 4 5 6 7 8 True 56.45 11 12 13 14 15
KGC 0 1 2 3 4 5 6 7 8 True 69.91 11 12 13 14 15
LAKE 0 1 2 3 4 5 6 7 8 False 7.48 11 12 13 14 15
LBRDA 0 1 2 3 4 5 6 7 8 True 61.3 11 12 13 14 15
LBRDK 0 1 2 3 4 5 6 7 8 True 57.56 11 12 13 14 15
MODN 0 1 2 3 4 5 6 7 8 True 72.64 11 12 13 14 15
ADSK 0 1 2 3 4 5 6 7 8 True 58.29 11 12 13 14 15
AEM 0 1 2 3 4 5 6 7 8 True 90.8 11 12 13 14 15
AMRC 0 1 2 3 4 5 6 7 8 True 91.11 11 12 13 14 15
CHTR 0 1 2 3 4 5 6 7 8 True 68.01 11 12 13 14 15
DGICA 0 1 2 3 4 5 6 7 8 False 9.58 11 12 13 14 15
DRRX 0 1 2 3 4 5 6 7 8 True 53.78 11 12 13 14 15
ELMD 0 1 2 3 4 5 6 7 8 False 73.78 11 12 13 14 15
FISV 0 1 2 3 4 5 6 7 8 True 83.53 11 12 13 14 15
FRPT 0 1 2 3 4 5 6 7 8 False 66.1 11 12 13 14 15
LYTS 0 1 2 3 4 5 6 7 8 True 64.32 11 12 13 14 15
NAT 0 1 2 3 4 5 6 7 8 False 7.87 11 12 13 14 15
NNA 0 1 2 3 4 5 6 7 8 False 13.1 11 12 13 14 15
NPTN 0 1 2 3 4 5 6 7 8 False 13.32 11 12 13 14 15
SPAR 0 1 2 3 4 5 6 7 8 True 59.4 11 12 13 14 15
TKAT 0 1 2 3 4 5 6 7 8 False 55.95 11 12 13 14 15
